PEDIDOS COM DIFERENÇA ENTRE VLR_PRODUTOS E SOMA DOS ITENS
Total: 1405

CODIGO	VLR_TOTAL	VLR_PRODUTOS	SOMA_ITENS	DIFERENCA
24637	17744.34	17744.34	14620.03	3124.31
23832	17045.82	17045.82	14001.50	3044.32
24905	16619.43	16619.43	13700.90	2918.53
23345	16312.01	16312.01	13428.63	2883.38
24341	16176.13	16176.13	13308.30	2867.83
25171	3311.68	3311.68	707.76	2603.92
24939	5359.93	5359.93	2928.00	2431.93
23409	11727.21	11727.21	9733.32	1993.89
24609	10636.00	10636.00	8773.32	1862.68
24383	10751.84	10751.84	8912.00	1839.84
23565	13682.22	13682.22	11883.18	1799.04
23453	10581.69	10581.69	8797.32	1784.37
24178	9827.36	9827.36	8048.00	1779.36
23951	9898.08	9898.08	8144.00	1754.08
23877	10128.87	10128.87	8384.00	1744.87
24895	9569.67	9569.67	7840.00	1729.67
23668	9745.12	9745.12	8016.00	1729.12
23533	10039.52	10039.52	8336.00	1703.52
24807	9905.19	9905.19	8250.66	1654.53
24561	10707.92	10707.92	9056.00	1651.92
24746	9180.99	9180.99	7573.32	1607.67
24396	8551.76	8551.76	7008.00	1543.76
23819	9556.73	9556.73	8013.32	1543.41
24509	8894.87	8894.87	7370.66	1524.21
24694	8402.71	8402.71	6896.00	1506.71
24161	8609.84	8609.84	7112.00	1497.84
23888	6844.12	6844.12	5415.50	1428.62
24951	7550.83	7550.83	6160.00	1390.83
24268	7871.28	7871.28	6504.00	1367.28
23568	8508.91	8508.91	7167.20	1341.71
24429	7332.94	7332.94	6048.00	1284.94
24438	9439.04	9439.04	8160.32	1278.72
24237	8199.54	8199.54	6942.88	1256.66
24499	6319.30	6319.30	5080.13	1239.17
24861	5898.62	5898.62	4662.78	1235.84
23966	6689.28	6689.28	5504.00	1185.28
23379	6777.12	6777.12	5616.00	1161.12
23273	8872.00	8872.00	7720.00	1152.00
23325	9088.00	9088.00	7936.00	1152.00
23862	6314.88	6314.88	5184.00	1130.88
24299	6238.40	6238.40	5120.00	1118.40
24676	7019.67	7019.67	5943.83	1075.84
23427	6747.05	6747.05	5713.00	1034.05
23651	5704.16	5704.16	4688.00	1016.16
24048	6524.98	6524.98	5524.94	1000.04
42521	1879.99	1827.50	852.50	975.00
23234	4556.64	4556.64	3591.59	965.05
24376	5795.20	5795.20	4899.20	896.00
23671	4000.00	4000.00	3120.00	880.00
24116	4120.00	4120.00	3240.00	880.00
24813	4120.00	4120.00	3240.00	880.00
24770	6524.51	6524.51	5654.67	869.84
24640	7292.81	7292.81	6441.34	851.47
23659	7217.82	7217.82	6369.71	848.11
24338	6229.20	6229.20	5381.57	847.63
24187	6889.36	6889.36	6055.94	833.42
23467	4587.00	4587.00	3762.00	825.00
24701	4245.00	4245.00	3420.00	825.00
25002	5154.29	5154.29	4338.39	815.90
23830	6276.68	6276.68	5470.65	806.03
23526	6170.75	6170.75	5369.44	801.31
24935	6070.08	6070.08	5273.29	796.79
23430	6066.34	6066.34	5269.72	796.62
23983	5935.08	5935.08	5144.31	790.77
23515	5119.60	5119.60	4331.60	788.00
23947	5115.91	5115.91	4328.51	787.40
23304	5851.83	5851.83	5064.78	787.05
24585	5070.80	5070.80	4285.67	785.13
24098	5070.80	5070.80	4286.80	784.00
24578	5774.29	5774.29	4990.71	783.58
23913	5730.86	5730.86	4949.23	781.63
24240	5706.63	5706.63	4926.08	780.55
24959	4327.22	4327.22	3552.00	775.22
23722	4295.00	4295.00	3521.57	773.43
24459	5538.20	5538.20	4765.16	773.04
24987	4843.99	4843.99	4071.20	772.79
24840	4295.00	4295.00	3522.60	772.40
23279	4295.00	4295.00	3522.60	772.40
23567	4295.00	4295.00	3522.60	772.40
23937	4295.00	4295.00	3522.60	772.40
24074	4295.00	4295.00	3522.60	772.40
24230	4295.00	4295.00	3522.60	772.40
24342	4295.00	4295.00	3522.60	772.40
24498	4295.00	4295.00	3522.60	772.40
24989	4295.00	4295.00	3522.60	772.40
23760	4882.32	4882.32	4118.40	763.92
23463	6642.05	6642.05	5880.00	762.05
23811	5089.51	5089.51	4328.51	761.00
23498	5068.80	5068.80	4308.48	760.32
24044	4878.72	4878.72	4118.40	760.32
23708	5068.80	5068.80	4308.48	760.32
24253	4878.72	4878.72	4118.40	760.32
24462	4878.72	4878.72	4118.40	760.32
24899	4878.72	4878.72	4118.40	760.32
24077	5166.31	5166.31	4409.92	756.39
24568	4047.40	4047.40	3298.09	749.31
23989	4588.80	4588.80	3840.00	748.80
24830	4933.72	4933.72	4187.14	746.58
23507	3799.08	3799.08	3072.00	727.08
23420	4635.43	4635.43	3925.00	710.43
23501	4607.67	4607.67	3901.50	706.17
24563	2206.78	2206.78	1514.65	692.13
23664	3165.49	3165.49	2475.52	689.97
23142	3418.33	3418.33	4091.05	672.72
24436	5696.21	5696.21	5040.00	656.21
23502	3100.15	3100.15	2448.76	651.39
23963	5620.53	5620.53	4973.28	647.25
23898	3667.68	3667.68	3024.00	643.68
24325	3604.51	3604.51	2971.92	632.59
23421	4643.00	4643.00	4014.00	629.00
24096	1903.92	1903.92	1279.80	624.12
24445	5064.12	5064.12	4451.41	612.71
23897	5548.10	5548.10	4943.09	605.01
23754	8859.99	8859.99	8255.00	604.99
24186	8863.08	8863.08	8260.00	603.08
24829	8863.07	8863.07	8260.05	603.02
24805	5549.35	5549.35	4957.35	592.00
23414	13063.71	13063.71	12479.64	584.07
24605	8821.89	8821.89	8243.19	578.70
32248	8490.00	8490.00	7920.00	570.00
23412	4592.60	4592.60	4022.80	569.80
23296	3686.39	3686.39	3127.00	559.39
24806	8381.66	8381.66	7831.86	549.80
24821	1788.20	1788.20	1240.61	547.59
23915	5483.10	5483.10	4943.10	540.00
24732	3982.37	3982.37	3442.88	539.49
24437	3488.67	3488.67	2954.00	534.67
24453	3032.82	3032.82	2498.31	534.51
24379	1728.84	1728.84	1199.57	529.27
24007	2041.17	2041.17	1513.05	528.12
24188	7640.60	7640.60	7115.44	525.16
23504	7951.78	7951.78	7430.16	521.62
24644	1699.17	1699.17	1178.85	520.32
24780	4141.26	4141.26	3625.02	516.24
23598	1944.18	1944.18	1430.00	514.18
23988	7826.36	7826.36	7312.96	513.40
23320	11474.21	11474.21	10961.20	513.01
23254	5409.92	5409.92	4902.00	507.92
24469	5306.18	5306.18	4800.00	506.18
24213	1652.77	1652.77	1146.66	506.11
23716	2044.00	2044.00	1540.00	504.00
23858	2032.32	2032.32	1531.20	501.12
23748	6197.10	6197.10	5697.50	499.60
23788	1653.84	1653.84	1155.00	498.84
25034	2070.73	2070.73	1574.12	496.61
23764	1981.44	1981.44	1485.00	496.44
23686	2033.40	2033.40	1539.00	494.40
23828	2046.81	2046.81	1555.53	491.28
25003	1670.90	1670.90	1182.16	488.74
24869	6148.00	6148.00	5660.00	488.00
23300	3758.16	3758.16	3272.18	485.98
23452	5930.00	5930.00	5450.00	480.00
23564	6040.00	6040.00	5560.00	480.00
23801	5880.00	5880.00	5400.00	480.00
24506	6040.00	6040.00	5560.00	480.00
24507	5930.00	5930.00	5450.00	480.00
24868	5930.00	5930.00	5450.00	480.00
24749	8710.79	8710.79	8234.66	476.13
24759	1719.60	1719.60	1246.99	472.61
23043	4297.93	4297.93	3826.31	471.62
24567	1711.60	1711.60	1241.05	470.55
24285	7169.83	7169.83	6699.51	470.32
24519	1697.60	1697.60	1230.89	466.71
24603	1941.38	1941.38	1475.79	465.59
24433	1689.20	1689.20	1224.52	464.68
24480	1669.60	1669.60	1210.44	459.16
24647	1668.80	1668.80	1209.73	459.07
24030	1667.20	1667.20	1208.58	458.62
24092	1667.20	1667.20	1208.86	458.34
23933	1984.18	1984.18	1526.25	457.93
24889	1666.00	1666.00	1208.27	457.73
24697	1663.60	1663.60	1206.25	457.35
24566	1662.00	1662.00	1204.95	457.05
24369	1662.40	1662.40	1205.38	457.02
24076	1660.40	1660.40	1203.64	456.76
24145	1652.40	1652.40	1197.99	454.41
23255	6061.60	6061.60	5607.45	454.15
24370	1649.60	1649.60	1196.25	453.35
23980	1961.96	1961.96	1509.20	452.76
24966	1643.20	1643.20	1191.73	451.47
24415	1640.00	1640.00	1189.12	450.88
23662	2753.28	2753.28	2304.00	449.28
23939	1632.00	1632.00	1183.47	448.53
24150	2625.08	2625.08	2179.16	445.92
24275	1619.60	1619.60	1174.06	445.54
24963	1616.00	1616.00	1171.72	444.28
24789	1615.20	1615.20	1171.28	443.92
24207	1612.40	1612.40	1168.84	443.56
24706	1609.60	1609.60	1166.67	442.93
24804	1610.80	1610.80	1167.97	442.83
24146	1598.80	1598.80	1158.83	439.97
24239	2973.13	2973.13	2534.56	438.57
23833	6568.37	6568.37	6137.52	430.85
24047	3471.68	3471.68	3050.00	421.68
24617	6110.91	6110.91	5690.89	420.02
23466	7465.38	7465.38	7057.37	408.01
23551	3537.78	3537.78	3130.76	407.02
24310	5617.60	5617.60	5212.00	405.60
23424	2589.11	2589.11	2989.68	400.57
24224	5256.21	5256.21	4871.59	384.62
24243	3738.14	3738.14	3353.72	384.42
23987	2306.64	2306.64	1923.43	383.21
23468	3311.49	3311.49	2930.00	381.49
24126	6954.00	6954.00	6574.00	380.00
24349	3289.17	3289.17	2911.38	377.79
23860	5486.31	5486.31	5109.22	377.09
24210	4983.01	4983.01	4609.61	373.40
23887	2872.16	2872.16	2500.75	371.41
24628	4933.41	4933.41	4563.76	369.65
24521	2857.91	2857.91	2488.34	369.57
24028	3597.63	3597.63	3229.52	368.11
23816	5334.86	5334.86	4968.17	366.69
24713	3588.15	3588.15	3221.61	366.54
24045	3173.60	3173.60	2808.00	365.60
27171	574.40	574.40	214.80	359.60
23266	2234.69	2234.69	1879.97	354.72
23456	3160.45	3160.45	2807.14	353.31
24418	2876.36	2876.36	2529.02	347.34
23396	3229.34	3229.34	2885.60	343.74
24324	2326.57	2326.57	1988.65	337.92
23666	2194.12	2194.12	1856.40	337.72
23826	1849.87	1849.87	1518.55	331.32
24278	2668.85	2668.85	2339.45	329.40
24922	2409.64	2409.64	2083.20	326.44
24160	4479.89	4479.89	4154.18	325.71
23709	2131.01	2131.01	1809.17	321.84
24931	4120.51	4120.51	3799.01	321.50
23719	2209.91	2209.91	1889.40	320.51
24046	2021.12	2021.12	1711.34	309.78
24300	2591.42	2591.42	2284.41	307.01
24800	4628.72	4628.72	4325.09	303.63
23199	2614.34	2614.34	2313.57	300.77
24660	1878.81	1878.81	1580.58	298.23
24312	2671.34	2671.34	2373.53	297.81
24847	3389.41	3389.41	3093.00	296.41
26235	407.60	407.60	113.46	294.14
24980	1778.04	1778.04	1484.80	293.24
23228	4191.17	4191.17	3898.64	292.53
24731	2221.44	2221.44	1933.12	288.32
23541	1774.16	1774.16	1492.53	281.63
24581	882.82	882.82	1161.59	278.77
23920	2041.99	2041.99	1768.46	273.53
24629	1283.74	1283.74	1010.40	273.34
23419	2350.82	2350.82	2080.00	270.82
23777	1989.91	1989.91	1725.80	264.11
23413	2247.09	2247.09	1986.53	260.56
23395	2866.07	2866.07	2607.35	258.72
24961	1740.80	1740.80	1484.80	256.00
24986	811.21	811.21	557.85	253.36
23805	3240.26	3240.26	2988.78	251.48
23903	8429.17	8429.17	8177.89	251.28
24424	2965.51	2965.51	2715.26	250.25
23724	3288.26	3288.26	3041.87	246.39
24747	1475.79	1475.79	1233.85	241.94
24105	1209.21	1209.21	976.18	233.03
24465	2158.98	2158.98	1927.24	231.74
26626	754.18	754.18	522.76	231.42
24819	1715.87	1715.87	1485.88	229.99
23256	1997.69	1997.69	1767.93	229.76
24726	4024.61	4024.61	3796.80	227.81
24069	2267.35	2267.35	2040.09	227.26
23652	1376.64	1376.64	1152.00	224.64
24543	2877.95	2877.95	2653.47	224.48
23318	4037.91	4037.91	3815.65	222.26
24745	693.36	693.36	471.32	222.04
24882	1680.08	1680.08	1460.17	219.91
24427	2257.54	2257.54	2038.94	218.60
23935	1899.19	1899.19	1680.69	218.50
24107	1677.08	1677.08	1460.23	216.85
23757	2540.29	2540.29	2326.76	213.53
24430	1837.23	1837.23	1624.56	212.67
24872	2117.73	2117.73	1905.49	212.24
23545	2156.69	2156.69	1945.22	211.47
24744	2263.42	2263.42	2053.82	209.60
23408	1807.18	1807.18	1598.00	209.18
24291	1317.35	1317.35	1108.22	209.13
24654	1608.80	1608.80	1400.00	208.80
26745	932.55	932.55	728.45	204.10
42377	510.00	510.00	306.00	204.00
23942	2251.81	2251.81	2048.86	202.95
24219	3067.32	3067.32	2866.11	201.21
23753	1119.70	1119.70	920.64	199.06
24792	2184.71	2184.71	1987.27	197.44
24451	1011.43	1011.43	814.36	197.07
23926	1697.57	1697.57	1501.16	196.41
24956	933.68	933.68	738.32	195.36
24857	1861.39	1861.39	1667.71	193.68
23203	5955.97	5955.97	5763.49	192.48
23289	1248.03	1248.03	1055.74	192.29
23953	1209.65	1209.65	1017.64	192.01
24238	1415.98	1415.98	1224.16	191.82
24714	2164.79	2164.79	1973.36	191.43
23678	2217.39	2217.39	2028.00	189.39
24496	2217.39	2217.39	2028.00	189.39
23769	1447.76	1447.76	1260.52	187.24
24771	1375.82	1375.82	1189.44	186.38
24468	1601.49	1601.49	1416.17	185.32
23253	2822.68	2822.68	2637.52	185.16
26140	1289.63	1283.64	1098.83	184.81
24833	2455.59	2455.59	2271.59	184.00
24597	2125.38	2125.38	1941.66	183.72
24619	1593.67	1593.67	1410.32	183.35
24378	2634.92	2634.92	2453.01	181.91
24129	1723.50	1723.50	1543.50	180.00
24180	1393.65	1393.65	1213.71	179.94
23776	2573.09	2573.09	2393.25	179.84
24703	1384.04	1384.04	1205.07	178.97
23627	1594.07	1594.07	1418.33	175.74
24193	1163.27	1163.27	988.15	175.12
24420	1234.44	1234.44	1062.76	171.68
24248	820.07	820.07	648.48	171.59
23892	1760.92	1760.92	1590.61	170.31
23658	1547.06	1547.06	1377.47	169.59
23560	1549.08	1549.08	1380.29	168.79
24305	1455.40	1455.40	1287.95	167.45
24992	1770.26	1770.26	1602.91	167.35
24110	1755.74	1755.74	1589.76	165.98
23267	2212.23	2212.23	2046.45	165.78
23252	2497.11	2497.11	2333.32	163.79
24014	1984.18	1984.18	1820.83	163.35
24387	2489.71	2489.71	2326.38	163.33
23530	2138.29	2138.29	1975.83	162.46
24920	1058.18	1058.18	895.99	162.19
23268	1684.10	1684.10	1523.14	160.96
25017	1393.82	1393.82	1233.46	160.36
24919	2069.81	2069.81	1910.13	159.68
24877	1947.76	1947.76	1788.33	159.43
24668	1887.78	1887.78	1728.66	159.12
24179	1521.76	1521.76	1363.87	157.89
24173	1369.33	1369.33	1211.80	157.53
23656	2881.92	2881.92	2724.90	157.02
23225	1747.22	1747.22	1590.32	156.90
23457	1899.45	1899.45	1742.63	156.82
23449	4345.72	4345.72	4193.30	152.42
24667	3552.73	3552.73	3401.17	151.56
24802	2704.61	2704.61	2553.93	150.68
23448	4418.80	4418.80	4269.41	149.39
24812	1033.00	1033.00	884.59	148.41
23703	4298.53	4298.53	4151.28	147.25
24818	3972.50	3972.50	3826.36	146.14
24854	959.57	959.57	813.47	146.10
23305	4102.87	4102.87	3957.73	145.14
23654	2200.67	2200.67	2056.32	144.35
24696	1296.00	1296.00	1152.00	144.00
24900	2752.06	2752.06	2608.65	143.41
24781	1087.20	1087.20	943.81	143.39
23354	3199.30	3199.30	3056.00	143.30
24921	1443.48	1443.48	1301.44	142.04
23557	2146.52	2146.52	2005.45	141.07
23258	1716.90	1716.90	1577.85	139.05
23972	2711.72	2711.72	2573.92	137.80
24867	3250.28	3250.28	3114.30	135.98
23550	3030.93	3030.93	2895.40	135.53
24099	1683.91	1683.91	1548.47	135.44
23702	4154.76	4154.76	4020.74	134.02
23597	3153.22	3153.22	3019.30	133.92
24620	2074.53	2074.53	1941.67	132.86
23581	1239.13	1239.13	1106.91	132.22
24638	2523.58	2523.58	2391.52	132.06
24711	1665.67	1665.67	1533.69	131.98
24365	991.94	991.94	860.46	131.48
24492	1673.98	1673.98	1543.39	130.59
24686	1380.46	1380.46	1249.95	130.51
24562	2918.31	2918.31	2787.80	130.51
24038	2359.04	2359.04	2228.60	130.44
23852	2356.02	2356.02	2227.93	128.09
24284	2743.87	2743.87	2615.80	128.07
24011	2853.72	2853.72	2726.00	127.72
23916	4142.84	4142.84	4015.73	127.11
23444	3248.07	3248.07	3121.30	126.77
24296	4202.79	4202.79	4076.12	126.67
24195	3223.02	3223.02	3096.38	126.64
23940	1992.28	1992.28	1865.68	126.60
24177	1098.16	1098.16	971.82	126.34
24584	765.03	765.03	640.64	124.39
23583	848.62	848.62	724.55	124.07
24502	2874.98	2874.98	2751.17	123.81
23767	2089.71	2089.71	1966.85	122.86
24579	1235.02	1235.02	1112.32	122.70
24535	780.01	780.01	660.36	119.65
23518	3823.49	3823.49	3704.40	119.09
24677	3911.72	3911.72	3792.66	119.06
23665	758.73	758.73	640.22	118.51
24724	769.82	769.82	651.84	117.98
26916	1056.00	1056.00	938.38	117.62
23752	1005.88	1005.88	890.00	115.88
24080	1402.80	1402.80	1286.98	115.82
24725	2369.62	2369.62	2253.99	115.63
24281	1881.01	1881.01	1766.16	114.85
24564	2940.37	2940.37	2825.55	114.82
24196	1067.45	1067.45	953.03	114.42
24244	1525.48	1525.48	1411.19	114.29
23884	1331.52	1331.52	1217.48	114.04
24467	986.68	986.68	873.17	113.51
23469	1663.83	1663.83	1550.81	113.02
23985	1719.86	1719.86	1607.04	112.82
24292	4023.11	4023.11	3910.67	112.44
24466	2119.82	2119.82	2007.93	111.89
23717	3170.12	3170.12	3059.14	110.98
23908	1282.53	1282.53	1172.76	109.77
23650	895.61	895.61	786.25	109.36
24032	1666.04	1666.04	1556.75	109.29
23393	1927.08	1927.08	1817.99	109.09
24154	841.72	841.72	732.88	108.84
24034	4901.06	4901.06	4793.29	107.77
23272	925.97	925.97	818.60	107.37
24618	2602.92	2602.92	2496.32	106.60
24880	920.96	920.96	815.01	105.95
24351	2575.92	2575.92	2470.74	105.18
24756	2205.98	2205.98	2100.97	105.01
23440	2769.75	2769.75	2664.79	104.96
23446	2620.67	2620.67	2516.12	104.55
24197	3160.85	3160.85	3056.31	104.54
24596	2181.98	2181.98	2077.62	104.36
32262	928.38	825.77	721.53	104.24
24655	677.23	677.23	573.44	103.79
23292	1111.82	1111.82	1008.09	103.73
24729	675.90	675.90	572.31	103.59
23681	1377.26	1377.26	1273.80	103.46
23271	3018.58	3018.58	2916.41	102.17
23829	2277.46	2277.46	2175.57	101.89
23577	3004.00	3004.00	2902.48	101.52
23434	759.64	759.64	659.84	99.80
24067	804.05	804.05	704.33	99.72
25018	685.94	685.94	586.36	99.58
23794	690.43	690.43	591.71	98.72
23481	709.99	709.99	611.48	98.51
24553	1284.77	1284.77	1186.74	98.03
24527	2558.29	2558.29	2460.74	97.55
24087	2841.76	2841.76	2744.72	97.04
24064	3228.69	3228.69	3132.92	95.77
24957	1174.72	1174.72	1269.85	95.13
24753	1792.06	1792.06	1697.41	94.65
24266	2521.17	2521.17	2426.59	94.58
24599	862.75	862.75	768.33	94.42
24392	2101.48	2101.48	2007.54	93.94
23486	646.98	646.98	553.05	93.93
23494	1951.09	1951.09	1857.40	93.69
24233	802.44	802.44	710.00	92.44
24350	1616.88	1616.88	1524.45	92.43
26394	1056.03	1056.03	964.23	91.80
24388	2409.26	2409.26	2317.52	91.74
24463	2701.20	2701.20	2609.86	91.34
24887	769.62	769.62	678.42	91.20
24943	2392.46	2392.46	2301.33	91.13
23799	1102.93	1102.93	1011.86	91.07
32290	2160.28	2160.28	2070.34	89.94
24307	1180.45	1180.45	1092.00	88.45
23531	1485.94	1485.94	1397.69	88.25
24006	2286.76	2286.76	2198.99	87.77
24784	627.74	627.74	541.17	86.57
23313	677.25	677.25	591.11	86.14
24231	745.93	745.93	660.00	85.93
24643	3112.43	3112.43	3026.84	85.59
24265	6149.74	6149.74	6064.31	85.43
24808	584.89	584.89	500.06	84.83
24945	766.03	766.03	681.78	84.25
24333	1134.00	1134.00	1050.00	84.00
24779	740.28	740.28	656.65	83.63
23917	2106.00	2106.00	2022.98	83.02
23350	505.05	505.05	422.54	82.51
24020	1954.35	1954.35	1872.38	81.97
23979	1640.80	1640.80	1558.95	81.85
23400	1071.51	1071.51	990.00	81.51
24091	1496.30	1496.30	1415.33	80.97
23511	1694.94	1694.94	1614.11	80.83
23585	2097.87	2097.87	2017.09	80.78
24636	2569.96	2569.96	2489.36	80.60
23603	1793.64	1793.64	1713.44	80.20
24790	2682.09	2682.09	2601.90	80.19
23351	716.51	716.51	636.55	79.96
23622	1198.61	1198.61	1118.71	79.90
23646	1198.61	1198.61	1118.71	79.90
23643	1667.65	1667.65	1588.31	79.34
23697	629.12	629.12	549.96	79.16
24249	699.17	699.17	620.69	78.48
23373	1631.33	1631.33	1553.55	77.78
23864	1068.89	1068.89	991.76	77.13
23236	1836.96	1836.96	1759.90	77.06
23782	1728.64	1728.64	1651.88	76.76
24182	1827.47	1827.47	1751.38	76.09
24404	2204.65	2204.65	2129.15	75.50
24730	492.04	492.04	416.64	75.40
24970	2281.51	2281.51	2206.72	74.79
24969	2172.48	2172.48	2097.70	74.78
23727	787.68	787.68	714.09	73.59
24865	503.58	503.58	430.50	73.08
24036	1285.99	1285.99	1213.20	72.79
24903	560.63	560.63	488.16	72.47
23437	682.02	682.02	610.47	71.55
23359	1500.82	1500.82	1429.28	71.54
24878	1216.29	1216.29	1145.00	71.29
24513	1256.09	1256.09	1185.00	71.09
24876	2091.67	2091.67	2020.92	70.75
24681	1073.85	1073.85	1003.37	70.48
24021	1699.06	1699.06	1629.25	69.81
23696	845.14	845.14	775.37	69.77
24589	1829.52	1829.52	1760.02	69.50
24176	604.03	604.03	534.54	69.49
23936	825.04	825.04	756.65	68.39
24634	909.99	909.99	841.82	68.17
23470	1077.44	1077.44	1009.52	67.92
23441	1642.27	1642.27	1574.50	67.77
23360	1415.02	1415.02	1347.53	67.49
24757	1532.04	1532.04	1464.80	67.24
23763	562.19	562.19	495.32	66.87
24167	1961.77	1961.77	1895.41	66.36
24304	1368.00	1368.00	1302.00	66.00
24380	1701.50	1701.50	1635.57	65.93
24241	2057.15	2057.15	1991.26	65.89
24600	684.77	684.77	621.25	63.52
24371	1327.01	1327.01	1263.60	63.41
23655	651.33	651.33	588.00	63.33
24279	1671.78	1671.78	1608.61	63.17
24738	764.18	764.18	701.08	63.10
24588	1062.66	1062.66	1000.11	62.55
24864	4588.85	4588.85	4526.43	62.42
23460	940.71	940.71	879.00	61.71
24448	1885.65	1885.65	1824.41	61.24
26242	2029.58	2029.58	1968.37	61.21
24627	1824.64	1824.64	1764.30	60.34
23519	722.65	722.65	662.99	59.66
24128	1490.95	1490.95	1431.62	59.33
24602	753.01	753.01	694.37	58.64
23388	679.21	679.21	620.70	58.51
23524	1225.58	1225.58	1167.22	58.36
24089	1738.67	1738.67	1680.76	57.91
23227	980.41	980.41	923.07	57.34
24767	1272.60	1272.60	1215.71	56.89
24221	262.77	262.77	205.92	56.85
24796	3773.87	3773.87	3717.92	55.95
24079	1639.75	1639.75	1584.30	55.45
23484	1296.79	1296.79	1241.87	54.92
23356	218.64	218.64	273.29	54.65
23633	1138.48	1138.48	1084.26	54.22
24127	1348.64	1348.64	1294.47	54.17
23949	649.69	649.69	596.05	53.64
24410	1360.66	1360.66	1414.08	53.42
31756	1457.17	1457.17	1403.76	53.41
24234	346.55	346.55	293.44	53.11
24051	2003.11	2003.11	1950.08	53.03
24793	584.40	584.40	531.37	53.03
23967	698.63	698.63	646.26	52.37
24720	698.63	698.63	646.26	52.37
23362	1090.81	1090.81	1038.76	52.05
23375	619.50	619.50	569.40	50.10
24330	1477.94	1477.94	1427.96	49.98
24280	1063.42	1063.42	1013.58	49.84
23525	1473.26	1473.26	1423.44	49.82
24692	778.84	778.84	828.56	49.72
24235	322.33	322.33	372.00	49.67
23952	1465.50	1465.50	1415.94	49.56
24835	1340.48	1340.48	1291.19	49.29
23797	2138.33	2138.33	2089.86	48.47
24595	1425.53	1425.53	1377.32	48.21
27072	704.27	704.27	657.22	47.05
23781	1109.39	1109.39	1062.79	46.60
24267	2124.59	2124.59	2078.34	46.25
24504	1393.40	1393.40	1347.30	46.10
24386	699.66	699.66	653.76	45.90
23879	1260.24	1260.24	1214.42	45.82
24108	550.49	550.49	505.04	45.45
23660	384.27	384.27	340.00	44.27
23361	927.12	927.12	882.88	44.24
23868	1280.55	1280.55	1237.24	43.31
23443	1227.04	1227.04	1183.86	43.18
24718	1264.90	1264.90	1222.12	42.78
49604	3807.11	3613.89	3655.96	42.07
24385	167.37	167.37	209.22	41.85
24879	1228.58	1228.58	1187.95	40.63
24656	1153.27	1153.27	1113.26	40.01
23634	1087.82	1087.82	1049.05	38.77
24491	1332.51	1332.51	1293.83	38.68
24664	731.02	731.02	769.50	38.48
23814	853.18	853.18	815.04	38.14
23815	853.18	853.18	815.04	38.14
47518	25949.52	25949.52	25912.00	37.52
44783	3053.10	2957.00	2920.00	37.00
23720	547.12	547.12	510.23	36.89
23885	2196.30	2196.30	2160.02	36.28
24431	1334.76	1334.76	1299.02	35.74
24439	1334.76	1334.76	1299.02	35.74
23635	1024.08	1024.08	988.35	35.73
23636	1037.48	1037.48	1001.77	35.71
38833	39636.12	39636.12	39601.00	35.12
24019	917.20	917.20	882.71	34.49
24633	525.47	525.47	491.00	34.47
46634	21706.67	21706.67	21741.00	34.33
23623	293.44	293.44	259.20	34.24
24836	1429.07	1429.07	1395.19	33.88
23265	1374.47	1374.47	1340.99	33.48
24368	742.78	742.78	709.57	33.21
23878	1064.03	1064.03	1031.99	32.04
23641	652.67	652.67	621.59	31.08
23621	749.18	749.18	718.42	30.76
24728	198.41	198.41	168.00	30.41
23865	522.64	522.64	492.57	30.07
23958	943.77	943.77	913.90	29.87
35411	6129.44	5029.43	4999.68	29.75
23406	1089.53	1089.53	1060.10	29.43
24282	614.37	614.37	585.11	29.26
23779	771.43	771.43	742.17	29.26
23780	771.43	771.43	742.17	29.26
24652	116.62	116.62	145.77	29.15
25032	136.68	136.68	108.08	28.60
23639	599.76	599.76	571.19	28.57
23328	519.84	519.84	547.20	27.36
24606	970.89	970.89	944.01	26.88
24657	753.18	753.18	726.45	26.73
23996	787.06	787.06	760.44	26.62
23738	782.67	782.67	756.20	26.47
24018	941.89	941.89	915.43	26.46
33685	5726.98	5726.98	5701.00	25.98
23835	223.96	223.96	198.18	25.78
45459	4012.93	3816.67	3791.15	25.52
24247	741.31	741.31	716.24	25.07
23363	630.62	630.62	605.84	24.78
23569	512.32	512.32	487.70	24.62
23749	724.50	724.50	700.00	24.50
44982	4345.30	4070.54	4046.26	24.28
24778	813.94	813.94	789.87	24.07
24684	2043.94	2043.94	2020.05	23.89
24497	2998.92	2998.92	2975.48	23.44
24834	796.11	796.11	772.74	23.37
24735	1109.61	1109.61	1086.37	23.24
50536	3809.97	3799.57	3776.65	22.92
44293	7652.01	7341.12	7318.84	22.28
24311	416.02	416.02	437.92	21.90
24114	70.00	70.00	91.36	21.36
23540	199.86	199.86	178.53	21.33
23851	325.11	325.11	303.95	21.16
24049	371.00	371.00	350.00	21.00
24416	1236.54	1236.54	1216.02	20.52
24518	433.66	433.66	414.27	19.39
24423	426.78	426.78	407.70	19.08
32386	2677.50	2677.50	2696.49	18.99
23950	2048.21	2048.21	2029.37	18.84
24680	371.62	371.62	353.15	18.47
43416	2000.99	1938.00	1920.00	18.00
23756	197.13	197.13	179.20	17.93
26901	2064.21	2064.21	2046.29	17.92
41726	43878.17	43878.17	43896.00	17.83
48791	19967.34	19967.34	19949.99	17.35
23455	713.92	713.92	697.85	16.07
24875	81.20	81.20	65.64	15.56
24952	292.41	292.41	307.80	15.39
41849	907.43	765.00	750.00	15.00
42133	793.69	765.00	750.00	15.00
32522	4427.22	4122.95	4108.00	14.95
24908	139.36	139.36	124.42	14.94
23640	312.27	312.27	297.40	14.87
24967	854.19	854.19	839.72	14.47
24968	805.65	805.65	791.18	14.47
36258	26030.16	26030.16	26016.00	14.16
23288	117.38	117.38	103.68	13.70
24066	626.75	626.75	613.49	13.26
24689	716.19	716.19	702.97	13.22
24608	951.15	951.15	938.05	13.10
23803	273.16	273.16	260.14	13.02
24003	1043.44	1043.44	1030.42	13.02
45611	20951.00	20951.00	20937.99	13.01
50013	5590.00	5590.00	5577.00	13.00
52094	5785.00	5785.00	5772.00	13.00
24223	697.91	697.91	710.88	12.97
46774	10051.25	10051.25	10064.00	12.75
34061	7119.60	7119.60	7106.86	12.74
32427	2590.00	2590.00	2602.61	12.61
24511	1341.48	1341.48	1328.92	12.56
49861	5525.00	5525.00	5512.50	12.50
49748	5365.00	5365.00	5352.55	12.45
50096	6010.00	6010.00	5997.55	12.45
51543	5140.00	5140.00	5127.55	12.45
23718	721.51	721.51	709.24	12.27
24246	362.25	362.25	350.00	12.25
42995	1333.99	1292.00	1280.00	12.00
50789	5330.00	5330.00	5318.00	12.00
49920	5785.00	5785.00	5773.20	11.80
51951	35921.22	35921.22	35909.52	11.70
49923	6420.00	6420.00	6408.30	11.70
33161	4682.60	4682.60	4671.00	11.60
24645	140.04	140.04	128.46	11.58
39392	13822.50	13822.50	13810.98	11.52
52039	5525.00	5525.00	5513.50	11.50
24057	218.27	218.27	229.76	11.49
23544	743.26	743.26	731.80	11.46
42515	13324.59	13324.59	13336.00	11.41
42922	4008.83	3872.12	3861.12	11.00
24669	207.69	207.69	197.01	10.68
35350	5895.00	5895.00	5905.50	10.50
24232	382.00	382.00	372.00	10.00
51296	5166.00	5166.00	5175.62	9.62
33496	7439.00	7439.00	7429.59	9.41
23506	177.42	177.42	186.76	9.34
52225	45509.27	45509.27	45500.00	9.27
24650	754.24	754.24	745.22	9.02
41787	544.45	459.00	450.00	9.00
48949	1802.96	1802.96	1811.95	8.99
43506	3209.16	3066.80	3058.30	8.50
50824	1175.23	1161.84	1170.26	8.42
34687	4218.58	4218.58	4226.88	8.30
35171	8288.00	8288.00	8280.00	8.00
23904	1249.23	1249.23	1241.26	7.97
39425	3970.36	3970.36	3978.15	7.79
24733	101.52	101.52	93.94	7.58
35153	10640.54	10640.54	10633.00	7.54
43857	5056.80	4654.43	4646.94	7.49
42023	2662.05	2617.25	2609.76	7.49
24929	154.88	154.88	147.50	7.38
52240	6175.00	6175.00	6167.70	7.30
23562	137.65	137.65	144.90	7.25
45168	1682.70	1682.70	1675.50	7.20
23390	213.84	213.84	206.72	7.12
42326	4016.32	3762.22	3755.14	7.08
38334	8550.00	8550.00	8542.99	7.01
38624	8550.00	8550.00	8542.99	7.01
32457	5267.50	5267.50	5274.50	7.00
32506	5550.00	5550.00	5543.00	7.00
33321	5476.00	5476.00	5469.00	7.00
33633	5661.00	5661.00	5654.00	7.00
33501	5476.00	5476.00	5469.00	7.00
34000	5476.00	5476.00	5469.00	7.00
34232	5550.00	5550.00	5543.00	7.00
34267	5550.00	5550.00	5543.00	7.00
34717	5587.00	5587.00	5580.00	7.00
35648	6495.00	6495.00	6502.00	7.00
38855	8607.00	8607.00	8600.00	7.00
39241	9327.00	9327.00	9320.00	7.00
39413	4615.00	4615.00	4608.00	7.00
23669	131.54	131.54	138.46	6.92
32684	3676.25	3676.25	3669.49	6.76
34099	5865.25	5865.25	5872.00	6.75
50684	6082.50	6082.50	6075.75	6.75
51448	6532.50	6532.50	6525.75	6.75
51458	5850.00	5850.00	5843.25	6.75
23391	407.60	407.60	400.99	6.61
23739	628.39	628.39	621.84	6.55
51054	5590.00	5590.00	5583.60	6.40
52231	5862.50	5862.50	5856.10	6.40
34149	3302.42	3302.42	3296.06	6.36
49723	6360.00	6360.00	6353.76	6.24
49778	5525.00	5525.00	5518.76	6.24
50037	5622.50	5622.50	5616.26	6.24
51483	5525.00	5525.00	5518.76	6.24
34755	3619.00	3619.00	3612.76	6.24
52396	5555.00	5555.00	5548.76	6.24
51930	5460.00	5460.00	5453.80	6.20
40943	2704.77	2704.77	2698.61	6.16
24113	116.85	116.85	123.00	6.15
40174	22133.10	22133.10	22126.99	6.11
34055	2901.73	2901.73	2895.65	6.08
35032	3096.50	3096.50	3090.50	6.00
35486	5811.00	5811.00	5817.00	6.00
52615	5710.00	5710.00	5704.00	6.00
49964	5297.50	5297.50	5291.52	5.98
51944	6110.00	6110.00	6104.02	5.98
34590	2849.56	2849.56	2843.64	5.92
50844	4889.68	4889.68	4883.76	5.92
52348	5513.33	5513.33	5507.41	5.92
52242	5785.33	5785.33	5779.41	5.92
49442	5679.50	5679.50	5673.59	5.91
23648	1046.02	1046.02	1040.12	5.90
32731	2963.70	2963.70	2957.80	5.90
49345	5640.00	5640.00	5634.10	5.90
50673	5395.00	5395.00	5389.10	5.90
50892	5410.00	5410.00	5404.10	5.90
50938	5395.00	5395.00	5389.10	5.90
51051	5460.00	5460.00	5454.10	5.90
51419	5747.50	5747.50	5741.60	5.90
51456	5590.00	5590.00	5584.10	5.90
52293	5687.50	5687.50	5681.60	5.90
52349	6153.00	6153.00	6147.10	5.90
52488	6333.70	6333.70	6327.80	5.90
24170	110.12	110.12	115.92	5.80
24983	2835.00	2835.00	2840.75	5.75
49759	5870.00	5870.00	5864.28	5.72
32871	3448.00	3448.00	3442.28	5.72
33110	3655.10	3655.10	3649.38	5.72
50511	5395.00	5395.00	5389.30	5.70
52438	5802.50	5802.50	5808.20	5.70
34530	4390.64	4390.64	4384.99	5.65
50508	5525.00	5525.00	5519.40	5.60
23558	1422.31	1422.31	1416.79	5.52
24783	1353.59	1353.59	1348.07	5.52
23500	1533.91	1533.91	1528.41	5.50
23964	1487.73	1487.73	1482.23	5.50
23625	1075.53	1075.53	1070.03	5.50
24227	1037.06	1037.06	1031.56	5.50
24277	1007.58	1007.58	1002.08	5.50
24598	840.24	840.24	834.74	5.50
48948	4884.18	4884.18	4889.68	5.50
51229	4650.00	4650.00	4655.50	5.50
23909	1161.03	1161.03	1155.53	5.50
24153	1717.22	1717.22	1711.72	5.50
24348	1107.26	1107.26	1101.76	5.50
23688	1213.17	1213.17	1207.68	5.49
24841	1006.49	1006.49	1001.00	5.49
23341	1750.88	1750.88	1745.39	5.49
24039	1171.70	1171.70	1166.21	5.49
24419	663.30	663.30	657.81	5.49
24662	682.24	682.24	676.75	5.49
24901	1432.39	1432.39	1426.90	5.49
24973	1193.15	1193.15	1187.66	5.49
23439	816.67	816.67	811.18	5.49
50569	5525.00	5525.00	5519.55	5.45
41763	45379.70	45379.70	45385.00	5.30
23802	80.62	80.62	75.37	5.25
32469	2408.00	2408.00	2413.20	5.20
50629	5355.00	5355.00	5349.80	5.20
51750	6020.00	6020.00	6025.20	5.20
52001	5655.00	5655.00	5649.80	5.20
23432	97.89	97.89	103.04	5.15
50785	6662.18	6662.18	6657.04	5.14
50638	5525.00	5525.00	5519.90	5.10
53654	7937.50	7937.50	7942.60	5.10
23367	106.43	106.43	101.37	5.06
34794	6243.05	6243.05	6238.00	5.05
52895	2929.86	2929.86	2934.90	5.04
44016	1026.46	1026.46	1031.48	5.02
32847	3189.00	3189.00	3184.00	5.00
33380	2735.00	2735.00	2730.00	5.00
33632	5328.00	5328.00	5323.00	5.00
35070	2775.00	2775.00	2770.00	5.00
35750	5781.00	5781.00	5786.00	5.00
49823	6067.50	6067.50	6062.50	5.00
50677	5395.00	5395.00	5390.00	5.00
50998	5395.00	5395.00	5390.00	5.00
51263	5330.00	5330.00	5325.00	5.00
51656	5900.00	5900.00	5905.00	5.00
33015	2080.03	1947.64	1952.62	4.98
53687	20230.96	20230.96	20226.00	4.96
23428	894.95	894.95	890.09	4.86
24577	91.77	91.77	96.60	4.83
50298	911.50	911.50	916.32	4.82
24816	1747.93	1747.93	1743.12	4.81
53381	7595.00	7595.00	7599.80	4.80
53629	4576.50	4576.50	4571.78	4.72
51893	5102.50	5102.50	5107.15	4.65
52026	5592.50	5592.50	5597.15	4.65
44082	22756.38	20687.62	20683.00	4.62
42132	508.73	484.50	480.00	4.50
50206	4500.00	4500.00	4504.50	4.50
51137	5395.00	5395.00	5399.50	4.50
51278	5700.00	5700.00	5704.50	4.50
51703	6710.00	6710.00	6714.49	4.49
24137	84.82	84.82	89.28	4.46
52446	6073.75	6073.75	6078.20	4.45
23859	84.19	84.19	88.61	4.42
39852	92244.12	92244.12	92248.50	4.38
23418	907.63	907.63	912.01	4.38
23473	233.64	233.64	238.00	4.36
51720	6332.36	6332.36	6328.00	4.36
24695	82.59	82.59	86.94	4.35
45101	10968.66	10968.66	10972.99	4.33
23679	81.22	81.22	85.50	4.28
51217	5120.00	5120.00	5115.75	4.25
23330	79.53	79.53	83.72	4.19
43847	23481.55	21346.87	21351.00	4.13
24314	86.77	86.77	82.64	4.13
37989	8892.90	8892.90	8897.00	4.10
41423	1021.01	1021.01	1016.91	4.10
32945	4240.39	3948.95	3952.99	4.04
24301	76.47	76.47	80.50	4.03
24815	76.47	76.47	80.50	4.03
24191	1014.36	1014.36	1010.35	4.01
24799	1200.50	1200.50	1196.49	4.01
23303	1379.21	1379.21	1375.21	4.00
41988	321.30	306.00	310.00	4.00
49568	9994.95	9994.95	9991.00	3.95
46810	811.53	811.53	815.46	3.93
24604	77.03	77.03	73.12	3.91
38421	14227.90	14227.90	14224.00	3.90
23856	1407.76	1407.76	1403.87	3.89
47929	23085.56	20986.88	20983.00	3.88
44637	21630.25	19663.87	19660.00	3.87
23245	73.42	73.42	77.28	3.86
48664	2304.07	2297.77	2293.94	3.83
53682	6975.00	6975.00	6978.80	3.80
24357	953.28	953.28	949.52	3.76
32616	2886.00	2886.00	2882.25	3.75
54197	23043.22	20531.48	20535.20	3.72
34150	2849.00	2849.00	2845.35	3.65
24328	2974.62	2974.62	2978.25	3.63
34214	4292.87	4292.87	4289.25	3.62
48739	15021.63	13099.60	13096.00	3.60
41835	1045.22	1045.22	1041.62	3.60
47742	18329.28	16603.02	16599.43	3.59
50834	26272.00	18723.59	18720.00	3.59
50129	20212.43	17932.43	17936.00	3.57
50147	22185.57	18673.64	18677.19	3.55
38484	8263.00	8263.00	8259.48	3.52
50771	8048.52	8048.52	8045.00	3.52
38287	4275.00	4275.00	4271.49	3.51
38297	4275.00	4275.00	4271.49	3.51
38311	4275.00	4275.00	4271.49	3.51
38321	4275.00	4275.00	4271.49	3.51
38360	4275.00	4275.00	4271.49	3.51
38436	4275.00	4275.00	4271.49	3.51
38593	4275.00	4275.00	4271.49	3.51
38634	4275.00	4275.00	4271.49	3.51
38647	4275.00	4275.00	4271.49	3.51
38686	4275.00	4275.00	4271.49	3.51
38805	4275.00	4275.00	4271.49	3.51
38928	4275.00	4275.00	4271.49	3.51
38940	4275.00	4275.00	4271.49	3.51
38962	4275.00	4275.00	4271.49	3.51
32393	2590.00	2590.00	2593.50	3.50
32405	2660.00	2660.00	2663.50	3.50
32411	2590.00	2590.00	2593.50	3.50
32439	2660.00	2660.00	2663.50	3.50
32489	2812.00	2812.00	2808.50	3.50
32495	2793.50	2793.50	2790.00	3.50
32503	2738.00	2738.00	2734.50	3.50
32592	2849.00	2849.00	2845.50	3.50
32624	2738.00	2738.00	2734.50	3.50
32636	2738.00	2738.00	2734.50	3.50
32678	2812.00	2812.00	2808.50	3.50
32697	2812.00	2812.00	2808.50	3.50
32738	2812.00	2812.00	2808.50	3.50
32742	2812.00	2812.00	2808.50	3.50
32749	1979.50	1979.50	1976.00	3.50
32782	2812.00	2812.00	2808.50	3.50
32791	2738.00	2738.00	2734.50	3.50
32796	2738.00	2738.00	2734.50	3.50
32884	2886.00	2886.00	2882.50	3.50
32892	2812.00	2812.00	2808.50	3.50
32903	2738.00	2738.00	2734.50	3.50
32929	2812.00	2812.00	2808.50	3.50
32944	2775.00	2775.00	2771.50	3.50
32959	2738.00	2738.00	2734.50	3.50
32993	2812.00	2812.00	2808.50	3.50
33039	2738.00	2738.00	2734.50	3.50
33080	2812.00	2812.00	2808.50	3.50
33113	2812.00	2812.00	2808.50	3.50
33129	2812.00	2812.00	2808.50	3.50
33140	2738.00	2738.00	2734.50	3.50
33239	2738.00	2738.00	2734.50	3.50
33371	2664.00	2664.00	2660.50	3.50
33435	2738.00	2738.00	2734.50	3.50
33607	5883.00	5883.00	5879.50	3.50
33639	2738.00	2738.00	2734.50	3.50
33696	2738.00	2738.00	2734.50	3.50
33746	2738.00	2738.00	2734.50	3.50
33962	2738.00	2738.00	2734.50	3.50
33993	3106.50	3106.50	3103.00	3.50
33994	6580.00	6580.00	6576.50	3.50
34030	2812.00	2812.00	2808.50	3.50
34220	2775.00	2775.00	2771.50	3.50
34225	2812.00	2812.00	2808.50	3.50
34245	2590.00	2590.00	2586.50	3.50
34249	2775.00	2775.00	2771.50	3.50
34350	2738.00	2738.00	2734.50	3.50
34446	2738.00	2738.00	2734.50	3.50
34481	2738.00	2738.00	2734.50	3.50
34520	2738.00	2738.00	2734.50	3.50
34527	2812.00	2812.00	2808.50	3.50
34552	6364.50	6364.50	6361.00	3.50
34555	2812.00	2812.00	2808.50	3.50
34683	2738.00	2738.00	2734.50	3.50
34716	5550.00	5550.00	5546.50	3.50
34769	2775.00	2775.00	2771.50	3.50
34840	2775.00	2775.00	2771.50	3.50
34880	2775.00	2775.00	2771.50	3.50
34967	5876.00	5876.00	5872.50	3.50
34985	2775.00	2775.00	2771.50	3.50
35186	2775.00	2775.00	2771.50	3.50
35283	2925.00	2925.00	2928.50	3.50
35405	2925.00	2925.00	2928.50	3.50
35406	2925.00	2925.00	2928.50	3.50
35428	3290.00	3290.00	3293.50	3.50
35460	2847.00	2847.00	2850.50	3.50
35557	2925.00	2925.00	2928.50	3.50
35572	2925.00	2925.00	2928.50	3.50
35660	3462.00	3462.00	3465.50	3.50
38386	4332.00	4332.00	4328.50	3.50
38723	8550.00	8550.00	8546.50	3.50
39175	7391.50	7391.50	7388.00	3.50
39223	4570.50	4570.50	4567.00	3.50
39324	4694.50	4694.50	4691.00	3.50
39349	4632.50	4632.50	4629.00	3.50
39374	4632.50	4632.50	4629.00	3.50
39391	4632.50	4632.50	4629.00	3.50
39408	4632.50	4632.50	4629.00	3.50
39520	4632.50	4632.50	4629.00	3.50
39536	4632.50	4632.50	4629.00	3.50
43405	21275.10	19341.00	19337.50	3.50
52963	7259.00	7259.00	7262.50	3.50
35700	3298.00	3298.00	3301.49	3.49
51042	20842.45	17400.74	17404.23	3.49
51454	17062.54	17062.54	17066.00	3.46
49149	20336.03	13547.44	13544.00	3.44
49184	20336.03	13547.44	13544.00	3.44
49251	20336.03	13547.44	13544.00	3.44
49262	20334.03	13547.44	13544.00	3.44
49297	20336.03	13547.44	13544.00	3.44
49298	20336.03	13547.44	13544.00	3.44
48220	21805.30	18669.02	18665.59	3.43
52693	7440.00	7440.00	7443.40	3.40
49872	10094.37	10094.37	10090.99	3.38
34117	2983.13	2983.13	2979.75	3.38
39424	5167.88	5167.88	5164.50	3.38
52098	667.05	667.05	663.68	3.37
50888	21162.66	18882.66	18886.00	3.34
50945	22884.66	19354.23	19357.57	3.34
45986	1577.73	1577.73	1581.03	3.30
45207	1587.95	1521.68	1518.39	3.29
50316	13003.28	13003.28	13000.00	3.28
50352	17803.28	13003.28	13000.00	3.28
50381	19712.00	13003.28	13000.00	3.28
50968	13756.72	13756.72	13760.00	3.28
51071	20576.04	13756.72	13760.00	3.28
52492	21423.43	17954.47	17951.20	3.27
52653	20234.47	17954.47	17951.20	3.27
44345	19766.25	19766.25	19763.00	3.25
45297	21742.88	19766.25	19763.00	3.25
54261	27767.63	24191.87	24195.12	3.25
48238	21399.98	14475.20	14472.00	3.20
48281	21399.98	14475.20	14472.00	3.20
48359	21399.98	14475.20	14472.00	3.20
48979	20335.79	13547.20	13544.00	3.20
48953	20335.79	13547.20	13544.00	3.20
49026	20335.79	13547.20	13544.00	3.20
33716	3100.79	3100.79	3097.59	3.20
53245	21759.66	14788.80	14791.99	3.19
42642	1966.07	1966.07	1969.26	3.19
35628	2878.79	2878.79	2881.97	3.18
48641	20355.02	16952.41	16955.59	3.18
48707	20355.02	16952.41	16955.59	3.18
23907	1349.67	1349.67	1346.51	3.16
33827	3125.66	3125.66	3122.53	3.13
49342	19776.04	13059.12	13056.00	3.12
49344	19776.04	13059.12	13056.00	3.12
49387	19776.04	13059.12	13056.00	3.12
33543	115.44	115.44	112.32	3.12
33447	3066.56	3066.56	3063.44	3.12
33534	3018.46	3018.46	3015.34	3.12
33856	2974.06	2974.06	2970.94	3.12
34213	2844.56	2844.56	2841.44	3.12
39195	5685.10	5685.10	5681.98	3.12
42978	18073.12	18073.12	18070.00	3.12
48104	21956.39	18768.88	18772.00	3.12
54126	26746.21	23368.24	23365.12	3.12
38969	4634.10	4634.10	4630.99	3.11
39369	5155.30	5155.30	5152.20	3.10
24848	830.34	830.34	827.26	3.08
51772	19464.02	12787.04	12784.00	3.04
51876	19464.02	12787.04	12784.00	3.04
51905	19464.02	12787.04	12784.00	3.04
51929	12787.04	12787.04	12784.00	3.04
51948	19946.96	17666.96	17670.00	3.04
51961	20504.72	17666.96	17670.00	3.04
52092	20504.72	17666.96	17670.00	3.04
53742	21283.04	21283.04	21280.00	3.04
51587	18270.37	15500.96	15503.99	3.03
24202	580.27	580.27	577.25	3.02
44027	1499.89	1456.32	1453.30	3.02
51084	20893.00	17423.46	17426.47	3.01
24534	964.57	964.57	961.56	3.01
33434	2331.00	2331.00	2328.00	3.00
35558	2847.00	2847.00	2850.00	3.00
47755	2819.60	2617.00	2620.00	3.00
49894	4785.00	4785.00	4788.00	3.00
33261	3294.67	3294.67	3291.71	2.96
51305	19152.00	12514.96	12512.00	2.96
33172	2961.85	2961.85	2958.90	2.95
34333	2887.85	2887.85	2884.90	2.95
34581	3109.85	3109.85	3106.90	2.95
35438	2770.95	2770.95	2773.90	2.95
44529	18446.09	17120.91	17117.99	2.92
24124	17.39	17.39	14.49	2.90
52017	19425.53	16737.12	16740.00	2.88
36584	5665.13	5015.16	5012.28	2.88
51432	16845.12	14685.12	14687.99	2.87
51544	16845.12	14685.12	14687.99	2.87
53179	21759.98	14789.12	14791.99	2.87
53197	19589.12	14789.12	14791.99	2.87
34725	3054.18	3054.18	3051.32	2.86
34629	3291.70	3157.96	3155.11	2.85
24306	54.12	54.12	56.97	2.85
50564	22421.14	18919.49	18916.68	2.81
50546	18448.00	18448.00	18445.20	2.80
52890	18989.20	14189.20	14191.99	2.79
38548	5314.25	5314.25	5311.49	2.76
36231	4325.75	4325.75	4323.00	2.75
24130	52.00	52.00	54.74	2.74
33328	2888.67	2888.67	2885.94	2.73
39193	5067.82	5067.82	5065.10	2.72
50590	17477.06	17477.06	17474.40	2.66
34526	3038.51	3038.51	3035.86	2.65
46097	665.99	665.99	668.61	2.62
33605	2092.77	1952.31	1949.70	2.61
53345	3104.82	3100.83	3103.44	2.61
38729	18721.04	16287.66	16290.26	2.60
34175	2849.00	2849.00	2846.40	2.60
51685	19048.18	16768.18	16765.59	2.59
40616	2897.99	2897.99	2895.40	2.59
50034	20492.18	18212.18	18209.60	2.58
50057	21698.21	18212.18	18209.60	2.58
23483	48.94	48.94	51.52	2.58
46052	6515.52	6515.52	6513.00	2.52
34748	2812.00	2812.00	2809.50	2.50
35013	2712.50	2712.50	2710.00	2.50
49993	5037.50	5037.50	5035.00	2.50
35965	1386.48	1386.48	1384.00	2.48
50718	21632.00	14677.52	14680.00	2.48
50777	14677.52	14677.52	14680.00	2.48
51475	19408.64	16031.28	16033.75	2.47
42083	23326.78	22153.24	22150.80	2.44
24512	45.88	45.88	48.30	2.42
46308	18397.40	18397.40	18395.00	2.40
38601	2236.80	2236.80	2239.20	2.40
53802	5128.50	5128.50	5126.10	2.40
38390	1138.61	1063.33	1065.72	2.39
50002	20556.14	17253.58	17251.20	2.38
23734	49.77	49.77	47.40	2.37
47296	996.65	996.65	999.00	2.35
48780	12491.25	12491.25	12493.59	2.34
48137	2328.94	2328.94	2331.27	2.33
54276	21464.30	21464.30	21461.99	2.31
32997	4826.00	4272.31	4270.00	2.31
44861	39638.19	39638.19	39640.50	2.31
46824	34000.00	34000.00	33997.69	2.31
52210	18273.62	17714.30	17712.00	2.30
48966	20013.08	17733.08	17730.80	2.28
53207	21685.08	19405.08	19402.80	2.28
53382	21948.13	19066.12	19068.40	2.28
23902	769.05	769.05	771.33	2.28
53031	22708.51	19803.32	19805.59	2.27
43546	6720.48	6006.87	6009.12	2.25
38730	7924.35	7924.35	7926.59	2.24
53849	22759.80	22759.80	22762.00	2.20
53951	24821.57	22759.80	22762.00	2.20
53956	24821.57	22759.80	22762.00	2.20
53652	6751.00	6751.00	6753.20	2.20
49047	20072.27	16799.75	16797.59	2.16
49084	18959.75	16799.75	16797.59	2.16
53873	8485.20	8485.20	8487.36	2.16
33863	4035.60	4035.60	4037.75	2.15
35006	2608.28	2492.55	2490.41	2.14
54118	5015.50	5015.50	5017.60	2.10
54133	6115.50	6115.50	6117.60	2.10
54002	895.87	895.87	893.78	2.09
48400	1560.84	1560.84	1558.78	2.06
34641	2406.83	2304.91	2302.85	2.06
46710	1450.05	1450.05	1447.99	2.06
24993	537.55	537.55	535.50	2.05
48602	2750.35	2750.35	2748.30	2.05
40993	29377.96	29377.96	29380.00	2.04
47975	11569.01	11569.01	11566.98	2.03
41869	1585.98	1585.98	1583.95	2.03
53808	24232.48	21561.98	21564.00	2.02
24264	673.90	673.90	671.89	2.01
24741	750.00	750.00	752.00	2.00
33114	2812.00	2812.00	2810.00	2.00
33160	2812.00	2812.00	2810.00	2.00
33736	1924.00	1924.00	1922.00	2.00
45681	30250.00	30250.00	30252.00	2.00
47210	21205.80	19278.00	19276.00	2.00
48831	19816.03	13094.00	13096.00	2.00
48859	19816.03	13094.00	13096.00	2.00
48861	19816.03	13094.00	13096.00	2.00
53882	24318.40	16798.00	16800.00	2.00
53937	24338.40	16798.00	16800.00	2.00
54019	24318.40	16798.00	16800.00	2.00
54068	24318.40	16798.00	16800.00	2.00
54105	21598.00	16798.00	16800.00	2.00
54120	4774.00	4774.00	4776.00	2.00
24245	2728.00	2728.00	2729.99	1.99
52982	22083.62	19803.62	19805.59	1.97
53114	22083.62	19803.62	19805.59	1.97
37193	1892.04	1892.04	1894.00	1.96
46875	39475.67	37191.92	37189.99	1.93
24601	36.71	36.71	38.64	1.93
52878	6040.00	6040.00	6041.92	1.92
52937	6350.00	6350.00	6351.92	1.92
48361	847.91	847.91	846.00	1.91
50231	21077.59	17630.09	17632.00	1.91
41032	25651.10	25651.10	25653.00	1.90
45316	697.22	697.22	699.12	1.90
49797	2653.74	2649.75	2647.85	1.90
49197	13366.96	13366.96	13365.07	1.89
24717	772.50	772.50	774.37	1.87
53585	2353.54	2353.54	2355.41	1.87
47612	22184.65	20167.87	20166.00	1.87
40566	2322.56	2322.56	2320.70	1.86
32787	2937.88	2315.40	2317.25	1.85
35331	2820.85	2820.85	2822.70	1.85
35353	3302.52	3302.52	3304.34	1.82
50202	19968.24	16702.20	16704.00	1.80
50220	18862.20	16702.20	16704.00	1.80
50328	19968.24	16702.20	16704.00	1.80
50372	19968.24	16702.20	16704.00	1.80
24189	34.08	34.08	35.86	1.78
23616	33.65	33.65	35.42	1.77
37690	6189.95	5116.25	5114.49	1.76
41611	19716.75	19716.75	19718.49	1.74
40235	576.88	576.88	575.16	1.72
47007	18600.07	12033.68	12032.00	1.68
47053	18600.07	12033.68	12032.00	1.68
23465	1648.83	1648.83	1647.16	1.67
47427	16449.49	14926.21	14924.54	1.67
48566	19320.87	17040.87	17039.20	1.67
33022	3664.54	3664.54	3666.20	1.66
41488	18714.88	18714.88	18716.54	1.66
37416	3252.20	2879.07	2877.42	1.65
37938	3252.20	2879.07	2877.42	1.65
47601	3886.65	3886.65	3885.00	1.65
53254	3593.20	3589.21	3590.85	1.64
48600	13398.55	13398.55	13396.91	1.64
24165	30.59	30.59	32.20	1.61
32949	1411.74	1411.74	1413.35	1.61
42059	15801.60	15801.60	15800.00	1.60
42335	15801.60	15801.60	15800.00	1.60
47125	18599.99	12033.60	12032.00	1.60
47637	18599.99	12033.60	12032.00	1.60
47744	18599.99	12033.60	12032.00	1.60
47809	18599.99	12033.60	12032.00	1.60
47933	18599.99	12033.60	12032.00	1.60
47948	12033.60	12033.60	12032.00	1.60
48009	18599.99	12033.60	12032.00	1.60
48159	10540.00	7237.60	7236.00	1.60
53368	21119.35	14230.40	14232.00	1.60
53429	21119.35	14230.40	14232.00	1.60
53467	19030.40	14230.40	14232.00	1.60
53470	6355.00	6355.00	6356.60	1.60
53482	21119.36	14230.40	14232.00	1.60
53678	7285.00	7285.00	7286.60	1.60
42527	34137.90	34137.90	34139.50	1.60
45979	28784.40	28784.40	28786.00	1.60
47096	16935.98	15229.58	15227.99	1.59
53107	10879.83	7394.40	7395.99	1.59
53108	10879.83	7394.40	7395.99	1.59
46823	14039.21	11895.97	11894.40	1.57
46901	14039.21	11895.97	11894.40	1.57
33398	2953.28	2953.28	2951.72	1.56
52329	3101.97	3101.97	3100.42	1.55
48175	1179.72	1179.72	1178.18	1.54
34535	6301.32	4772.18	4773.72	1.54
51830	6393.52	6393.52	6392.00	1.52
51831	6393.52	6393.52	6392.00	1.52
54180	2658.04	2658.04	2656.53	1.51
39724	7265.44	6794.62	6793.12	1.50
41576	13312.50	13312.50	13314.00	1.50
53493	2777.24	2777.24	2778.73	1.49
24630	2046.00	2046.00	2047.49	1.49
23464	28.06	28.06	29.54	1.48
48061	1869.95	1865.96	1864.49	1.47
46046	4414.47	3806.54	3808.00	1.46
48697	1239.07	1239.07	1237.62	1.45
44538	4654.67	4160.41	4158.96	1.45
52373	13833.44	13833.44	13832.00	1.44
52377	20664.02	13833.44	13832.00	1.44
52484	13833.44	13833.44	13832.00	1.44
47595	2565.84	2405.40	2406.84	1.44
53161	7394.56	7394.56	7395.99	1.43
53164	10879.99	7394.56	7395.99	1.43
53267	10879.99	7394.56	7395.99	1.43
53268	10879.99	7394.56	7395.99	1.43
49096	20675.09	20675.09	20676.50	1.41
36025	5588.57	5307.40	5308.80	1.40
36026	5588.57	5307.40	5308.80	1.40
24902	6766.99	6766.99	6768.39	1.40
50635	1716.54	1716.54	1717.92	1.38
51034	18625.03	16465.03	16466.40	1.37
45226	3525.97	3525.97	3527.34	1.37
32981	2033.72	1923.42	1922.05	1.37
46137	22703.30	21115.36	21114.00	1.36
50074	13561.36	13561.36	13560.00	1.36
50089	20352.00	13561.36	13560.00	1.36
50176	13561.36	13561.36	13560.00	1.36
50283	20352.00	13561.36	13560.00	1.36
53007	22352.01	15305.36	15304.00	1.36
53075	21872.01	15305.36	15304.00	1.36
53700	6619.20	6619.20	6620.56	1.36
53224	664.43	660.44	661.79	1.35
33463	2778.40	2459.63	2458.29	1.34
34076	2778.40	2459.63	2458.29	1.34
34488	2778.40	2459.63	2458.29	1.34
34721	2778.40	2459.63	2458.29	1.34
44382	7915.60	7407.46	7408.80	1.34
35657	4887.47	4887.47	4888.80	1.33
35843	4887.47	4887.47	4888.80	1.33
43403	647.02	647.02	645.69	1.33
43110	8505.27	7817.97	7819.30	1.33
51345	21636.87	16144.12	16142.80	1.32
45112	7392.01	6917.48	6918.80	1.32
32346	1361.62	1361.62	1362.94	1.32
33990	2477.96	2271.46	2272.78	1.32
46651	6223.08	6223.08	6224.40	1.32
48718	1384.88	1384.88	1386.20	1.32
23503	5785.32	5785.32	5784.02	1.30
43111	4642.58	4149.60	4150.90	1.30
48754	1015.43	1015.43	1016.72	1.29
40868	3917.18	3418.73	3417.44	1.29
41513	3418.73	3418.73	3417.44	1.29
46192	7313.60	6223.11	6224.40	1.29
46198	7313.60	6223.11	6224.40	1.29
46244	6650.00	6223.11	6224.40	1.29
46257	6650.00	6223.11	6224.40	1.29
46384	7313.60	6223.11	6224.40	1.29
46599	6223.11	6223.11	6224.40	1.29
46615	7313.60	6223.11	6224.40	1.29
46666	7313.60	6223.11	6224.40	1.29
46675	7313.60	6223.11	6224.40	1.29
46862	11039.99	9626.87	9625.59	1.28
46864	14879.99	9626.87	9625.59	1.28
46922	14860.79	9607.68	9606.40	1.28
51102	19559.99	12870.72	12872.00	1.28
51143	19559.99	12870.72	12872.00	1.28
51232	12870.72	12870.72	12872.00	1.28
53647	23039.99	15905.28	15904.00	1.28
53679	23039.99	15905.28	15904.00	1.28
53753	23039.99	15905.28	15904.00	1.28
53786	20705.28	15905.28	15904.00	1.28
42038	19385.00	18461.91	18460.66	1.25
48621	1397.02	1397.02	1395.77	1.25
32725	5062.35	5062.35	5061.12	1.23
34085	317.63	317.63	316.40	1.23
44121	2337.42	2337.42	2338.64	1.22
35976	5485.18	5209.22	5208.00	1.22
49227	4831.22	4831.22	4830.00	1.22
40693	9070.21	9070.21	9068.99	1.22
41780	3727.77	3253.42	3252.21	1.21
51904	4441.22	4437.22	4438.43	1.21
51682	11107.95	10204.89	10203.68	1.21
44496	7739.21	7242.40	7243.60	1.20
45418	18218.80	18218.80	18220.00	1.20
49138	9333.20	9333.20	9332.00	1.20
51103	20644.02	20644.02	20645.22	1.20
43712	784.72	784.72	783.52	1.20
45331	7582.41	6466.80	6468.00	1.20
46123	7492.80	6390.80	6389.60	1.20
46157	7492.80	6390.80	6389.60	1.20
47706	10058.71	8516.91	8515.73	1.18
34256	8011.60	7218.36	7217.18	1.18
46735	7137.19	6058.02	6059.20	1.18
41824	20011.39	19069.63	19068.46	1.17
24043	3460.47	3460.47	3459.30	1.17
43215	8993.61	8541.15	8540.00	1.15
43314	8993.61	8541.15	8540.00	1.15
43352	8993.61	8541.15	8540.00	1.15
46474	5338.75	5338.75	5337.60	1.15
48225	7614.85	6914.85	6916.00	1.15
49731	725.58	725.58	724.44	1.14
53282	1190.33	1190.33	1191.47	1.14
45306	1282.79	1282.79	1283.93	1.14
23329	21.41	21.41	22.54	1.13
23482	21.41	21.41	22.54	1.13
49805	1001.13	1001.13	1002.26	1.13
51388	11601.12	11601.12	11600.00	1.12
51409	16401.12	11601.12	11600.00	1.12
51496	18104.03	11601.12	11600.00	1.12
51529	11601.12	11601.12	11600.00	1.12
51643	11601.12	11601.12	11600.00	1.12
42691	4043.54	3614.18	3615.30	1.12
38948	796.80	796.80	795.68	1.12
46924	7005.60	5934.88	5936.00	1.12
46964	6342.00	5934.88	5936.00	1.12
46996	6598.68	5934.88	5936.00	1.12
44923	20954.58	19049.62	19048.50	1.12
45834	6635.62	6635.62	6636.73	1.11
54223	1260.23	1256.24	1257.34	1.10
43363	21218.90	21218.90	21220.00	1.10
39561	6879.60	6533.49	6532.40	1.09
39570	6879.60	6533.49	6532.40	1.09
39702	6879.60	6533.49	6532.40	1.09
39749	6879.60	6533.49	6532.40	1.09
39765	6533.49	6533.49	6532.40	1.09
39848	6879.60	6533.49	6532.40	1.09
39887	6879.17	6533.49	6532.40	1.09
46284	7310.80	6841.49	6840.40	1.09
46567	7310.80	6841.49	6840.40	1.09
46568	7310.80	6841.49	6840.40	1.09
33171	3447.45	3405.52	3404.44	1.08
42197	9224.62	9099.84	9100.92	1.08
43565	5395.35	5391.36	5390.28	1.08
42893	24333.27	22842.54	22843.62	1.08
53455	5033.03	5029.04	5027.97	1.07
46040	12120.88	10981.05	10979.98	1.07
52376	21188.81	18330.14	18331.20	1.06
33865	4415.60	4195.46	4194.40	1.06
33923	4415.60	4195.46	4194.40	1.06
33924	4415.60	4195.46	4194.40	1.06
43927	8327.19	7908.26	7907.20	1.06
42474	2479.94	2479.94	2481.00	1.06
50512	14454.72	13166.02	13164.96	1.06
23918	1065.95	1065.95	1064.90	1.05
48448	20496.04	13686.96	13688.00	1.04
48508	20016.04	13686.96	13688.00	1.04
48630	18486.96	13686.96	13688.00	1.04
48694	20496.04	13686.96	13688.00	1.04
44816	7431.20	6954.16	6955.20	1.04
45959	7277.20	6189.04	6188.00	1.04
51053	13782.27	12486.08	12485.04	1.04
50527	9658.61	8368.53	8367.50	1.03
43858	3685.91	3147.66	3148.69	1.03
41413	1575.82	1395.53	1394.50	1.03
34918	4275.16	4121.83	4120.80	1.03
49913	17805.03	17805.03	17804.00	1.03
32528	8738.07	8016.58	8017.60	1.02
46248	3076.27	3076.27	3077.29	1.02
42173	1823.06	1823.06	1824.08	1.02
50738	3244.41	2750.78	2749.76	1.02
51045	980.30	980.30	979.28	1.02
41671	3710.39	3710.39	3711.41	1.02
53433	1025.82	1025.82	1026.83	1.01
